0
0
0.5
1.96944444444
1.0
2.2
1.5
2.48055555556
2.0
2.75277777778
2.5
2.99166666667
3.0
3.23055555556
3.5
3.46111111111
4.0
3.78055555556
4.5
4.02222222222
5.0
4.32222222222
5.5
4.65277777778
6.0
4.89722222222
6.5
5.32777777778
7.0
5.60833333333
7.5
6.08888888889
8.0
6.51944444444
8.5
7.05555555556
9.0
7.55
9.5
8.01944444444
10.0
8.825
10.5
9.66388888889
11.0
10.5222222222
11.5
11.6055555556
12.0
12.8333333333
12.5
14.6944444444
13.0
16.7555555556
13.5
19.9166666667
14.0
23.9611111111
14.5
28.6083333333
15.0
36.8666666667
15.5
53.3722222222
16.0
77.9166666667
