===================================================
0    0.0   0.2
0    0.0   0.4
0    0.0   0.2
0    0.0   0.4
0    0.0   0.6
0    0.0   0.8
0    0.0   1.0
12    0.0   1.2
12    11.92   1.4
12    15.11   1.6
12    13.18   1.8
12    12.11   2.0
12    11.76   2.2
12    11.75   2.4
12    11.75   2.6
12    11.81   2.8
12    11.45   3.0
12    11.25   3.2
12    11.07   3.4
12    10.8   3.6
12    11.25   3.8
12    10.42   4.0
12    12.24   4.2
12    12.31   4.4
12    12.13   4.6
12    11.56   4.8
12    11.85   5.0
0    11.79   5.2
0    1.44   5.4
0    -1.07   5.6
0    -0.08   5.8
0    0.0   6.0
0    0.0   6.2
0    0.0   6.4
0    0.0   6.6
0    0.0   6.8
0    0.0   7.0
0    0.0   7.2
0    0.0   7.4
0    0.0   7.6
0    0.0   7.8
0    0.0   8.0
0    0.0   8.2
0    0.0   8.4
0    0.0   8.6
0    0.0   8.8
0    0.0   9.0
0    0.0   9.2
0    0.0   9.4
0    0.0   9.6
0    0.0   9.8
0    0.0   10.0
0    0.0   10.2
0    0.0   10.4
0    0.0   10.6
0    0.0   10.8
0    0.0   11.0
0    0.0   11.2
0    0.0   11.4
0    0.0   11.6
0    0.0   11.8
0    0.0   12.0
0    0.0   12.2
0    0.0   12.4
0    0.0   12.6
0    0.0   12.8
0    0.0   13.0
0    0.0   13.2
0    0.0   13.4
0    0.0   13.6
0    0.0   13.8
0    0.0   14.0
0    0.0   14.2
0    0.0   14.4
0    0.0   14.6
0    0.0   14.8
0    0.0   15.0
===================================================
0    0.0   0.2
0    0.0   0.4
0    0.0   0.6
0    0.0   0.8
0    0.0   1.0
12    0.0   1.2
12    11.8   1.4
12    13.8   1.6
12    12.31   1.8
12    9.99   2.0
12    10.77   2.2
12    11.76   2.4
12    12.24   2.6
12    11.35   2.8
12    10.88   3.0
12    10.36   3.2
12    11.5   3.4
12    12.08   3.6
12    11.25   3.8
12    11.7   4.0
0    11.29   4.2
0    1.36   4.4
0    -1.09   4.6
0    -0.02   4.8
0    0.0   5.0
0    0.0   5.2
0    0.0   5.4
0    0.0   5.6
0    0.0   5.8
0    0.0   6.0
0    0.0   6.2
0    0.0   6.4
0    0.0   6.6
0    0.0   6.8
0    0.0   7.0
0    0.0   7.2
0    0.0   7.4
0    0.0   7.6
0    0.0   7.8
0    0.0   8.0
0    0.0   8.2
0    0.0   8.4
0    0.0   8.6
0    0.0   8.8
0    0.0   9.0
0    0.0   9.2
0    0.0   9.4
0    0.0   9.6
0    0.0   9.8
0    0.0   10.0
0    0.0   10.2
0    0.0   10.4
0    0.0   10.6
0    0.0   10.8
0    0.0   11.0
0    0.0   11.2
0    0.0   11.4
0    0.0   11.6
0    0.0   11.8
0    0.0   12.0
0    0.0   12.2
0    0.0   12.4
0    0.0   12.6
0    0.0   12.8
0    0.0   13.0
0    0.0   13.2
0    0.0   13.4
0    0.0   13.6
0    0.0   13.8
0    0.0   14.0
0    0.0   14.2
0    0.0   14.4
0    0.0   14.6
0    0.0   14.8
0    0.0   15.0
===================================================
0    0.0   0.2
0    0.0   0.4
0    0.0   0.6
0    0.0   0.8
0    0.0   1.0
12    0.0   1.2
12    7.8   1.4
12    6.42   1.6
12    7.96   1.8
12    8.9   2.0
12    9.44   2.2
12    10.19   2.4
12    9.05   2.6
12    10.01   2.8
12    10.48   3.0
12    10.32   3.2
12    10.43   3.4
12    9.8   3.6
12    10.28   3.8
12    10.16   4.0
0    10.19   4.2
0    3.11   4.4
0    2.22   4.6
0    2.44   4.8
0    2.16   5.0
0    1.18   5.2
0    0.38   5.4
0    0.0   5.6
0    0.0   5.8
0    0.0   6.0
0    0.0   6.2
0    0.0   6.4
0    0.0   6.6
0    0.0   6.8
0    0.0   7.0
0    0.0   7.2
0    0.0   7.4
0    0.0   7.6
0    0.0   7.8
0    0.0   8.0
0    0.0   8.2
0    0.0   8.4
0    -0.02   8.6
0    -0.01   8.8
0    0.0   9.0
0    0.0   9.2
0    0.0   9.4
0    0.0   9.6
0    0.0   9.8
0    0.0   10.0
0    0.0   10.2
0    0.0   10.4
0    0.0   10.6
0    0.0   10.8
0    0.0   11.0
0    0.0   11.2
0    0.0   11.4
0    0.0   11.6
0    0.0   11.8
0    0.0   12.0
0    0.0   12.2
0    0.0   12.4
0    0.0   12.6
0    0.0   12.8
0    0.0   13.0
0    0.0   13.2
0    0.0   13.4
0    0.0   13.6
0    0.0   13.8
0    0.0   14.0
0    0.0   14.2
0    0.0   14.4
0    0.0   14.6
0    0.0   14.8
0    0.0   15.0
0    0.0   0.2
0    0.0   0.4
0    0.0   0.6
0    0.0   0.8
0    0.0   1.0
12    0.0   1.2
12    7.4   1.4
12    6.28   1.6
12    8.07   1.8
12    9.11   2.0
12    9.64   2.2
12    10.1   2.4
12    9.88   2.6
12    10.34   2.8
12    9.31   3.0
12    9.78   3.2
12    10.13   3.4
12    10.55   3.6
12    9.9   3.8
12    9.6   4.0
0    10.92   4.2
0    3.16   4.4
0    2.38   4.6
0    2.23   4.8
0    1.04   5.0
0    -0.09   5.2
0    0.01   5.4
0    0.0   5.6
0    0.0   5.8
0    0.0   6.0
0    0.0   6.2
0    0.0   6.4
0    0.0   6.6
0    0.0   6.8
0    0.0   7.0
0    0.0   7.2
0    0.0   7.4
0    0.0   7.6
0    0.0   7.8
0    0.0   8.0
0    0.0   8.2
0    0.0   8.4
0    0.0   8.6
0    0.0   8.8
0    0.0   9.0
0    0.0   9.2
0    0.0   9.4
0    0.0   9.6
0    0.0   9.8
0    0.0   10.0
0    0.0   10.2
0    0.0   10.4
0    0.0   10.6
0    0.0   10.8
0    0.0   11.0
0    0.0   11.2
0    0.0   11.4
0    0.0   11.6
0    0.0   11.8
0    0.0   12.0
0    -0.01   12.2
0    0.0   12.4
0    0.0   12.6
0    0.0   12.8
0    0.0   13.0
0    0.0   13.2
0    0.0   13.4
0    0.0   13.6
0    0.0   13.8
0    0.0   14.0
0    0.0   14.2
0    0.0   14.4
0    0.0   14.6
0    0.0   14.8
0    0.0   15.0
0    0.0   0.2
0    0.0   0.4
0    0.0   0.6
0    0.0   0.8
0    0.0   1.0
12    0.0   1.2
12    7.43   1.4
12    6.78   1.6
12    6.99   1.8
12    8.15   2.0
12    9.59   2.2
12    8.97   2.4
12    9.4   2.6
12    9.27   2.8
12    10.1   3.0
12    8.71   3.2
12    9.42   3.4
12    9.89   3.6
12    10.13   3.8
12    10.07   4.0
0    9.68   4.2
0    2.93   4.4
0    2.33   4.6
0    2.37   4.8
0    2.23   5.0
0    1.16   5.2
0    0.39   5.4
0    -0.01   5.6
0    0.0   5.8
0    0.0   6.0
0    0.0   6.2
0    0.0   6.4
0    0.0   6.6
0    0.0   6.8
0    0.0   7.0
0    0.0   7.2
0    0.0   7.4
0    0.0   7.6
0    0.0   7.8
0    0.0   8.0
0    0.0   8.2
0    0.0   8.4
0    0.0   8.6
0    0.0   8.8
0    0.0   9.0
0    0.0   9.2
0    0.0   9.4
0    0.0   9.6
0    0.0   9.8
0    0.0   10.0
0    0.0   10.2
0    0.0   10.4
0    0.0   10.6
0    0.0   10.8
0    -0.15   11.0
0    -0.93   11.2
0    -0.3   11.4
0    0.18   11.6
0    0.18   11.8
0    -0.05   12.0
0    0.11   12.2
0    0.02   12.4
0    0.0   12.6
0    0.0   12.8
0    0.0   13.0
0    0.0   13.2
0    0.0   13.4
0    0.0   13.6
0    0.0   13.8
0    0.0   14.0
0    0.0   14.2
0    0.0   14.4
0    0.0   14.6
0    0.0   14.8
0    0.0   15.0
0    0.0   0.2
0    0.0   0.4
0    0.0   0.6
0    0.0   0.8
0    0.0   1.0
12    0.0   1.2
12    8.57   1.4
12    5.61   1.6
12    9.17   1.8
12    8.98   2.0
12    9.25   2.2
12    9.61   2.4
12    9.9   2.6
12    9.56   2.8
12    9.9   3.0
12    9.39   3.2
12    10.09   3.4
12    8.13   3.6
12    10.3   3.8
12    9.27   4.0
0    9.91   4.2
0    3.13   4.4
0    2.25   4.6
0    2.37   4.8
0    2.08   5.0
0    1.03   5.2
0    0.26   5.4
0    0.0   5.6
0    0.0   5.8
0    0.0   6.0
0    0.0   6.2
0    0.0   6.4
0    0.0   6.6
0    0.0   6.8
0    0.0   7.0
0    0.0   7.2
0    0.0   7.4
0    0.0   7.6
0    0.0   7.8
0    0.0   8.0
0    0.0   8.2
0    0.0   8.4
0    0.0   8.6
0    0.0   8.8
0    0.0   9.0
0    0.0   9.2
0    0.0   9.4
0    0.0   9.6
0    0.0   9.8
0    0.0   10.0
0    0.0   10.2
0    0.0   10.4
0    0.0   10.6
0    0.0   10.8
0    0.0   11.0
0    0.0   11.2
0    0.0   11.4
0    0.0   11.6
0    0.0   11.8
0    0.0   12.0
0    0.0   12.2
0    0.0   12.4
0    0.0   12.6
0    0.0   12.8
0    0.0   13.0
0    0.0   13.2
0    0.0   13.4
0    0.0   13.6
0    0.0   13.8
0    0.0   14.0
0    0.0   14.2
0    0.0   14.4
0    0.0   14.6
0    0.0   14.8
0    0.0   15.0
0    0.0   0.2
0    0.0   0.4
0    0.0   0.6
0    0.0   0.8
0    0.0   1.0
12    0.0   1.2
12    7.37   1.4
12    6.2   1.6
12    8.17   1.8
12    9.56   2.0
12    7.74   2.2
12    9.66   2.4
12    10.51   2.6
12    10.47   2.8
12    10.65   3.0
12    10.09   3.2
12    10.55   3.4
12    10.9   3.6
12    9.25   3.8
12    10.51   4.0
0    8.91   4.2
0    3.29   4.4
0    2.48   4.6
0    2.36   4.8
0    1.88   5.0
0    1.15   5.2
0    0.39   5.4
0    0.01   5.6
0    0.0   5.8
0    0.0   6.0
0    0.0   6.2
0    0.0   6.4
0    0.0   6.6
0    0.0   6.8
0    0.0   7.0
0    0.0   7.2
0    0.0   7.4
0    0.0   7.6
0    0.0   7.8
0    0.0   8.0
0    0.0   8.2
0    0.0   8.4
0    0.0   8.6
0    0.0   8.8
0    0.0   9.0
0    0.0   9.2
0    0.0   9.4
0    0.0   9.6
0    0.0   9.8
0    0.0   10.0
0    0.0   10.2
0    0.0   10.4
0    0.0   10.6
0    0.0   10.8
0    0.0   11.0
0    0.0   11.2
0    0.0   11.4
0    0.0   11.6
0    0.0   11.8
0    0.0   12.0
0    0.0   12.2
0    0.0   12.4
0    0.0   12.6
0    0.0   12.8
0    0.0   13.0
0    0.0   13.2
0    0.0   13.4
0    0.0   13.6
0    0.0   13.8
0    0.0   14.0
0    0.0   14.2
0    0.0   14.4
0    0.0   14.6
0    0.0   14.8
0    0.0   15.0
===================================================
===================================================
===================================================
