Demo Test START!!
===================================================
0    0.0   0.1
0    0.0   0.2
0    0.0   0.3
0    0.0   0.4
0    0.0   0.5
0    0.0   0.6
0    0.0   0.7
0    0.0   0.8
0    0.0   0.9
0    0.0   1.0
15    0.0   1.1
15    8.02   1.2
15    10.92   1.3
15    11.07   1.4
15    11.05   1.5
15    11.72   1.6
15    11.44   1.7
15    11.24   1.8
15    11.78   1.9
15    12.12   2.0
0    12.5   2.1
0    4.35   2.2
0    2.0   2.3
0    2.32   2.4
0    2.27   2.5
0    2.36   2.6
0    2.17   2.7
0    2.32   2.8
0    2.25   2.9
0    2.15   3.0
0    2.23   3.1
0    1.97   3.2
0    1.42   3.3
0    0.97   3.4
0    0.6   3.5
0    0.39   3.6
0    0.24   3.7
0    0.11   3.8
0    -0.02   3.9
0    0.0   4.0
0    0.0   4.1
0    0.0   4.2
0    0.0   4.3
0    0.0   4.4
0    0.0   4.5
0    0.0   4.6
0    0.0   4.7
0    0.0   4.8
0    0.0   4.9
0    0.0   5.0
0    0.0   5.1
0    0.0   5.2
0    0.0   5.3
0    0.0   5.4
0    0.0   5.5
0    0.0   5.6
0    0.0   5.7
0    0.0   5.8
0    0.0   5.9
0    0.0   6.0
0    0.0   6.1
0    0.0   6.2
0    0.0   6.3
0    0.0   6.4
0    0.0   6.5
0    0.0   6.6
0    0.0   6.7
0    0.0   6.8
0    0.0   6.9
0    0.0   7.0
0    0.0   7.1
0    0.0   7.2
0    0.0   7.3
0    0.0   7.4
0    0.0   7.5
0    0.0   7.6
0    0.0   7.7
0    0.0   7.8
0    0.0   7.9
0    0.0   8.0
0    0.0   8.1
0    0.0   8.2
0    0.0   8.3
0    0.0   8.4
0    0.0   8.5
0    0.0   8.6
0    0.0   8.7
0    0.0   8.8
0    0.0   8.9
0    0.0   9.0
0    0.0   9.1
0    0.0   9.2
0    0.0   9.3
0    0.0   9.4
0    0.0   9.5
0    0.0   9.6
0    0.0   9.7
0    0.0   9.8
0    0.0   9.9
0    0.0   10.0
0    0.0   10.1
0    0.0   10.2
0    0.0   10.3
0    0.0   10.4
0    0.0   10.5
0    0.0   10.6
0    0.0   10.7
0    0.0   10.8
0    0.0   10.9
0    0.0   11.0
0    0.0   11.1
0    0.0   11.2
0    0.0   11.3
0    0.0   11.4
0    0.0   11.5
0    0.0   11.6
0    0.0   11.7
0    0.0   11.8
0    0.0   11.9
0    0.0   12.0
0    0.0   12.1
0    0.0   12.2
0    0.0   12.3
0    0.0   12.4
0    0.0   12.5
0    0.0   12.6
0    0.0   12.7
0    0.0   12.8
0    0.0   12.9
0    0.0   13.0
0    0.0   13.1
0    0.0   13.2
0    0.0   13.3
0    0.0   13.4
0    0.0   13.5
0    0.0   13.6
0    0.0   13.7
0    0.0   13.8
0    0.0   13.9
0    0.0   14.0
0    0.0   14.1
0    0.0   14.2
0    0.0   14.3
0    0.0   14.4
0    0.0   14.5
0    0.0   14.6
0    0.0   14.7
0    0.0   14.8
0    0.0   14.9
0    0.0   15.0
===================================================
0    0.0   0.1
0    0.0   0.2
0    0.0   0.3
0    0.0   0.4
0    0.0   0.5
0    0.0   0.6
0    0.0   0.7
0    0.0   0.8
0    0.0   0.9
0    0.0   1.0
15    0.0   1.1
15    6.93   1.2
15    9.85   1.3
15    10.43   1.4
15    11.11   1.5
15    11.18   1.6
15    11.16   1.7
15    10.94   1.8
15    10.92   1.9
15    10.87   2.0
0    12.25   2.1
0    4.68   2.2
0    2.19   2.3
0    2.42   2.4
0    2.45   2.5
0    2.38   2.6
0    2.25   2.7
0    2.27   2.8
0    2.29   2.9
0    2.15   3.0
0    2.17   3.1
0    1.67   3.2
0    1.14   3.3
0    0.71   3.4
0    0.41   3.5
0    0.15   3.6
0    0.0   3.7
0    -0.02   3.8
0    0.0   3.9
0    0.0   4.0
0    0.0   4.1
0    0.0   4.2
0    0.0   4.3
0    0.0   4.4
0    0.0   4.5
0    0.0   4.6
0    0.0   4.7
0    0.0   4.8
0    0.0   4.9
0    0.0   5.0
0    0.0   5.1
0    0.0   5.2
0    0.0   5.3
0    0.0   5.4
0    0.0   5.5
0    0.0   5.6
0    0.0   5.7
0    0.0   5.8
0    0.0   5.9
0    0.0   6.0
0    0.0   6.1
0    0.0   6.2
0    0.0   6.3
0    0.0   6.4
0    0.0   6.5
0    0.0   6.6
0    0.0   6.7
0    0.0   6.8
0    0.0   6.9
0    0.0   7.0
0    0.0   7.1
0    0.0   7.2
0    0.0   7.3
0    0.0   7.4
0    0.0   7.5
0    0.0   7.6
0    0.0   7.7
0    0.0   7.8
0    0.0   7.9
0    0.0   8.0
0    0.0   8.1
0    0.0   8.2
0    0.0   8.3
0    0.0   8.4
0    0.0   8.5
0    0.0   8.6
0    0.0   8.7
0    0.0   8.8
0    0.0   8.9
0    0.0   9.0
0    0.0   9.1
0    0.0   9.2
0    0.0   9.3
0    0.0   9.4
0    0.0   9.5
0    0.0   9.6
0    0.0   9.7
0    0.0   9.8
0    0.0   9.9
0    0.0   10.0
0    0.0   10.1
0    0.0   10.2
0    0.0   10.3
0    0.0   10.4
0    0.0   10.5
0    0.0   10.6
0    0.0   10.7
0    0.0   10.8
0    0.0   10.9
0    0.0   11.0
0    0.0   11.1
0    0.0   11.2
0    0.0   11.3
0    0.0   11.4
0    0.0   11.5
0    0.0   11.6
0    0.0   11.7
0    0.0   11.8
0    0.0   11.9
0    0.0   12.0
0    0.0   12.1
0    0.0   12.2
0    0.0   12.3
0    0.0   12.4
0    0.0   12.5
0    0.0   12.6
0    0.0   12.7
0    0.0   12.8
0    0.0   12.9
0    0.0   13.0
0    0.0   13.1
0    0.0   13.2
0    0.0   13.3
0    0.0   13.4
0    0.0   13.5
0    0.0   13.6
0    0.0   13.7
0    0.0   13.8
0    0.0   13.9
0    0.0   14.0
0    0.0   14.1
0    0.0   14.2
0    0.0   14.3
0    0.0   14.4
0    0.0   14.5
0    0.0   14.6
0    0.0   14.7
0    0.0   14.8
0    0.0   14.9
0    0.0   15.0
Demo Test START!!
===================================================
0    0.0   0.1
0    0.0   0.2
0    0.0   0.3
0    0.0   0.4
0    0.0   0.5
0    0.0   0.6
0    0.0   0.7
0    0.0   0.8
0    0.0   0.9
0    0.0   1.0
10    0.0   1.1
10    5.13   1.2
10    3.69   1.3
10    3.43   1.4
10    4.1   1.5
10    4.59   1.6
10    4.98   1.7
10    5.36   1.8
10    5.67   1.9
10    5.92   2.0
10    6.03   2.1
10    6.31   2.2
10    5.56   2.3
10    6.2   2.4
10    6.65   2.5
10    6.76   2.6
10    6.95   2.7
10    6.31   2.8
10    6.55   2.9
10    7.23   3.0
10    7.29   3.1
10    6.97   3.2
10    5.09   3.3
10    7.81   3.4
10    7.92   3.5
10    7.92   3.6
10    7.83   3.7
10    6.95   3.8
10    8.05   3.9
10    7.04   4.0
0    6.87   4.1
0    3.73   4.2
0    2.45   4.3
0    2.45   4.4
0    2.45   4.5
0    2.25   4.6
0    1.97   4.7
0    1.42   4.8
0    0.84   4.9
0    0.58   5.0
0    0.32   5.1
0    0.11   5.2
0    0.04   5.3
0    0.0   5.4
0    0.0   5.5
0    0.0   5.6
0    0.0   5.7
0    0.0   5.8
0    0.0   5.9
0    0.0   6.0
0    0.0   6.1
0    0.0   6.2
0    0.0   6.3
0    0.0   6.4
0    0.0   6.5
0    0.0   6.6
0    0.0   6.7
0    0.0   6.8
0    0.0   6.9
0    0.0   7.0
0    0.0   7.1
0    0.0   7.2
0    0.0   7.3
0    0.0   7.4
0    0.0   7.5
0    0.0   7.6
0    0.0   7.7
0    0.0   7.8
0    0.0   7.9
0    0.0   8.0
0    0.0   8.1
0    0.0   8.2
0    0.0   8.3
0    0.0   8.4
0    0.0   8.5
0    0.0   8.6
0    0.0   8.7
0    0.0   8.8
0    0.0   8.9
0    0.0   9.0
0    0.0   9.1
0    0.0   9.2
0    0.0   9.3
0    0.0   9.4
0    0.0   9.5
0    0.0   9.6
0    0.0   9.7
0    0.0   9.8
0    0.0   9.9
0    0.0   10.0
0    0.0   10.1
0    0.0   10.2
0    0.0   10.3
0    0.0   10.4
0    0.0   10.5
0    0.0   10.6
0    0.0   10.7
0    0.0   10.8
0    0.0   10.9
0    0.0   11.0
0    0.0   11.1
0    0.0   11.2
0    0.0   11.3
0    0.0   11.4
0    0.0   11.5
0    0.0   11.6
0    0.0   11.7
0    0.0   11.8
0    0.0   11.9
0    0.0   12.0
0    0.0   12.1
0    0.0   12.2
0    0.0   12.3
0    0.0   12.4
0    0.0   12.5
0    -0.02   12.6
0    -0.34   12.7
0    0.0   12.8
0    0.0   12.9
0    0.0   13.0
0    0.0   13.1
0    0.0   13.2
0    0.0   13.3
0    0.0   13.4
0    0.0   13.5
0    0.0   13.6
0    0.0   13.7
0    0.0   13.8
0    0.0   13.9
0    0.0   14.0
0    0.0   14.1
0    0.0   14.2
0    0.0   14.3
0    0.0   14.4
0    0.0   14.5
0    0.0   14.6
0    0.0   14.7
0    0.0   14.8
0    0.0   14.9
0    0.0   15.0
===================================================
0    0.0   0.1
0    0.0   0.2
0    0.0   0.3
0    0.0   0.4
0    0.0   0.5
0    0.0   0.6
0    0.0   0.7
0    0.0   0.8
0    0.0   0.9
0    0.0   1.0
10    0.0   1.1
10    4.66   1.2
10    3.39   1.3
10    3.54   1.4
10    4.1   1.5
10    4.61   1.6
10    5.04   1.7
10    5.36   1.8
10    5.11   1.9
10    5.77   2.0
10    6.03   2.1
10    6.16   2.2
10    6.39   2.3
10    6.5   2.4
10    6.63   2.5
10    6.89   2.6
10    6.54   2.7
10    7.25   2.8
10    6.87   2.9
10    7.47   3.0
10    7.49   3.1
10    7.53   3.2
10    7.27   3.3
10    7.66   3.4
10    7.6   3.5
10    7.36   3.6
10    7.9   3.7
10    7.32   3.8
10    7.27   3.9
10    8.22   4.0
0    7.94   4.1
0    3.43   4.2
0    2.42   4.3
0    2.36   4.4
0    2.34   4.5
0    2.32   4.6
0    1.74   4.7
0    1.39   4.8
0    1.01   4.9
0    0.62   5.0
0    0.36   5.1
0    0.13   5.2
0    0.04   5.3
0    0.0   5.4
0    0.0   5.5
0    0.0   5.6
0    0.0   5.7
0    0.0   5.8
0    0.0   5.9
0    0.0   6.0
0    0.0   6.1
0    0.0   6.2
0    0.0   6.3
0    0.0   6.4
0    0.0   6.5
0    0.0   6.6
0    0.0   6.7
0    0.0   6.8
0    0.0   6.9
0    0.0   7.0
0    0.0   7.1
0    0.0   7.2
0    0.0   7.3
0    0.0   7.4
0    0.0   7.5
0    0.0   7.6
0    0.0   7.7
0    0.0   7.8
0    0.0   7.9
0    0.0   8.0
0    0.0   8.1
0    0.0   8.2
0    0.0   8.3
0    0.0   8.4
0    0.0   8.5
0    0.0   8.6
0    0.0   8.7
0    0.0   8.8
0    0.0   8.9
0    0.0   9.0
0    0.0   9.1
0    0.0   9.2
0    0.0   9.3
0    0.0   9.4
0    0.0   9.5
0    0.0   9.6
0    0.0   9.7
0    0.0   9.8
0    0.0   9.9
0    0.0   10.0
0    0.0   10.1
0    0.0   10.2
0    0.0   10.3
0    0.0   10.4
0    0.0   10.5
0    0.0   10.6
0    0.0   10.7
0    0.0   10.8
0    0.0   10.9
0    0.0   11.0
0    0.0   11.1
0    0.0   11.2
0    0.0   11.3
0    0.0   11.4
0    0.0   11.5
0    0.0   11.6
0    0.0   11.7
0    0.0   11.8
0    0.0   11.9
0    0.0   12.0
0    0.0   12.1
0    0.0   12.2
0    0.0   12.3
0    0.0   12.4
0    0.0   12.5
0    0.0   12.6
0    0.0   12.7
0    0.0   12.8
0    0.0   12.9
0    0.0   13.0
0    0.0   13.1
0    0.0   13.2
0    0.0   13.3
0    0.0   13.4
0    0.0   13.5
0    0.0   13.6
0    0.0   13.7
0    0.0   13.8
0    0.0   13.9
0    0.0   14.0
0    0.0   14.1
0    0.0   14.2
0    0.0   14.3
0    0.0   14.4
0    0.0   14.5
0    0.0   14.6
0    0.0   14.7
0    0.0   14.8
0    0.0   14.9
0    0.0   15.0
===================================================
0    0.0   0.1
0    0.0   0.2
0    0.0   0.3
0    0.0   0.4
0    0.0   0.5
0    0.0   0.6
0    0.0   0.7
0    0.0   0.8
0    0.0   0.9
0    0.0   1.0
10    0.0   1.1
10    5.06   1.2
10    3.76   1.3
10    3.54   1.4
10    4.01   1.5
10    4.55   1.6
10    4.98   1.7
10    5.3   1.8
10    5.62   1.9
10    5.86   2.0
10    5.84   2.1
10    6.07   2.2
10    6.12   2.3
10    6.76   2.4
10    6.74   2.5
10    6.33   2.6
10    7.34   2.7
10    7.3   2.8
10    7.34   2.9
10    7.53   3.0
10    7.38   3.1
10    7.64   3.2
10    7.53   3.3
10    7.46   3.4
10    7.32   3.5
10    7.9   3.6
10    7.66   3.7
10    7.68   3.8
10    7.75   3.9
10    7.72   4.0
0    8.0   4.1
0    3.67   4.2
0    2.4   4.3
0    2.53   4.4
0    2.53   4.5
0    2.4   4.6
0    2.04   4.7
0    1.54   4.8
0    1.01   4.9
0    0.62   5.0
0    0.36   5.1
0    0.11   5.2
0    0.0   5.3
0    0.0   5.4
0    0.0   5.5
0    0.0   5.6
0    0.0   5.7
0    0.0   5.8
0    0.0   5.9
0    0.0   6.0
0    0.0   6.1
0    0.0   6.2
0    0.0   6.3
0    0.0   6.4
0    0.0   6.5
0    0.0   6.6
0    0.0   6.7
0    0.0   6.8
0    0.0   6.9
0    0.0   7.0
0    0.0   7.1
0    0.0   7.2
0    0.0   7.3
0    0.0   7.4
0    0.0   7.5
0    0.0   7.6
0    0.0   7.7
0    0.0   7.8
0    0.0   7.9
0    0.0   8.0
0    0.0   8.1
0    0.0   8.2
0    0.0   8.3
0    0.0   8.4
0    0.0   8.5
0    0.0   8.6
0    0.0   8.7
0    0.0   8.8
0    0.0   8.9
0    0.0   9.0
0    0.0   9.1
0    0.0   9.2
0    0.0   9.3
0    0.0   9.4
0    0.0   9.5
0    0.0   9.6
0    0.0   9.7
0    0.0   9.8
0    0.0   9.9
0    0.0   10.0
0    0.0   10.1
0    0.0   10.2
0    0.0   10.3
0    0.0   10.4
0    0.0   10.5
0    0.0   10.6
0    0.0   10.7
0    0.0   10.8
0    0.0   10.9
0    0.0   11.0
0    0.0   11.1
0    0.0   11.2
0    0.0   11.3
0    0.0   11.4
0    0.0   11.5
0    0.0   11.6
0    0.0   11.7
0    0.0   11.8
0    0.0   11.9
0    0.0   12.0
0    0.0   12.1
0    0.0   12.2
0    0.0   12.3
0    0.0   12.4
0    0.32   12.5
0    0.02   12.6
0    0.0   12.7
0    0.0   12.8
0    0.0   12.9
0    0.0   13.0
0    0.0   13.1
0    0.0   13.2
0    0.0   13.3
0    0.0   13.4
0    0.0   13.5
0    0.0   13.6
0    0.0   13.7
0    0.0   13.8
0    0.0   13.9
0    0.0   14.0
0    0.0   14.1
0    0.0   14.2
0    0.0   14.3
0    0.0   14.4
0    0.0   14.5
0    0.0   14.6
0    0.0   14.7
0    0.0   14.8
0    0.0   14.9
0    0.0   15.0
