===================================================
0
0.0
0.20046591758728027

0
0.0
0.4008784294128418

0
0.0
0.6013088226318359

0
0.0
0.8017356395721436

0
0.0
1.0021476745605469

0
0.0
1.2025985717773438

0
0.0
1.403029441833496

0
0.0
1.6034395694732666

0
0.0
1.803865909576416

0
0.0
2.0042965412139893

0
0.0
2.204681396484375

0
0.0
2.405093193054199

0
0.0
2.605571746826172

0
0.0
2.8059868812561035

0
0.0
3.006431818008423

0
0.0
3.2068583965301514

0
0.0
3.407259464263916

0
0.0
3.6077029705047607

0
0.0
3.8080945014953613

0
0.0
4.00854754447937

0
0.0
4.208972930908203

0
0.0
4.409464120864868

0
0.0
4.609884023666382

0
0.0
4.810352087020874

0
0.0
5.010789155960083

0
0.0
5.211235046386719

0
0.0
5.411662340164185

0
0.0
5.612104654312134

0
0.0
5.812572717666626

0
0.0
6.0130085945129395

0
0.0
6.2134599685668945

0
0.0
6.4139323234558105

0
0.0
6.614368915557861

0
0.0
6.81479549407959

0
0.0
7.015186071395874

0
0.0
7.215627431869507

0
0.0
7.416071653366089

0
0.0
7.616524934768677

0
0.0
7.816972732543945

0
0.0
8.01743745803833

0
0.0
8.217869758605957

0
0.0
8.418306589126587

0
0.0
8.618736267089844

0
0.0
8.819175958633423

0
0.0
9.019593954086304

0
0.0
9.220050573348999

0
0.0
9.420466423034668

0
0.0
9.620903491973877

0
0.0
9.821336269378662

0
0.0
10.021799564361572

0
0.0
10.222249984741211

0
0.0
10.422674417495728

0
0.0
10.623082876205444

0
0.0
10.823508024215698

0
0.0
11.023973941802979

0
0.0
11.224395513534546

0
0.0
11.424821615219116

0
0.0
11.625205755233765

0
0.0
11.825565338134766

0
0.0
12.025922298431396

0
0.0
12.226373434066772

0
0.0
12.42680311203003

0
0.0
12.627171277999878

0
0.0
12.8275465965271

0
0.0
13.027921915054321

0
0.0
13.228341341018677

0
0.0
13.428695917129517

0
0.0
13.629034280776978

0
0.0
13.829384088516235

0
0.0
14.029817581176758

0
0.0
14.230254173278809

0
0.0
14.430996656417847

0
0.0
14.631458520889282

0
0.0
14.83189344406128

0
0.0
15.032288312911987

0
0.0
15.232735395431519

0
0.0
15.43312954902649

0
0.0
15.633544683456421

0
0.0
15.834009647369385

0
0.0
16.034475088119507

0
0.0
16.23488473892212

0
0.0
16.435274839401245

0
0.0
16.635656118392944

0
0.0
16.8360812664032

0
0.0
17.036573886871338

0
0.0
17.237003564834595

0
0.0
17.43743348121643

0
0.0
17.637884378433228

0
0.0
17.83829665184021

0
0.0
18.038738012313843

0
0.0
18.239177942276

0
0.0
18.43960928916931

0
0.0
18.640050649642944

0
0.0
18.840598821640015

0
0.0
19.041059017181396

0
0.0
19.24148941040039

0
0.0
19.44194984436035

0
0.0
19.642351627349854

0
0.0
19.84274649620056

0
0.0
20.043301343917847

0
0.0
20.24373507499695

0
0.0
20.44422221183777

0
0.0
20.644688844680786

0
0.0
20.84509801864624

0
0.0
21.045518398284912

0
0.0
21.245984077453613

0
0.0
21.44638967514038

0
0.0
21.64682674407959

0
0.0
21.847288846969604

0
0.0
22.04773259162903

0
0.0
22.248212814331055

0
0.0
22.448599815368652

0
0.0
22.64897632598877

0
0.0
22.84935760498047

0
0.0
23.049707889556885

0
0.0
23.250158071517944

0
0.0
23.45060706138611

0
0.0
23.651093006134033

0
0.0
23.85152578353882

0
0.0
24.051959991455078

0
0.0
24.252460956573486

0
0.0
24.452838897705078

0
0.0
24.653379201889038

0
0.0
24.85384202003479

0
0.0
25.05428910255432

0
0.0
25.254716634750366

0
0.0
25.45521831512451

0
0.0
25.655585765838623

0
0.0
25.85595989227295

0
0.0
26.056339979171753

0
0.0
26.256720304489136

0
0.0
26.457133531570435

0
0.0
26.657634496688843

0
0.0
26.858099699020386

0
0.0
27.058561325073242

0
0.0
27.259063482284546

0
0.0
27.45952320098877

0
0.0
27.659969568252563

0
0.0
27.860434770584106

0
0.0
28.060892343521118

0
0.0
28.26134181022644

0
0.0
28.46178674697876

0
0.0
28.662216424942017

0
0.0
28.86263656616211

0
0.0
29.063143491744995

0
0.0
29.263564586639404

0
0.0
29.46401619911194

0
0.0
29.664481163024902

0
0.0
29.864938020706177

0
0.0
30.065358877182007

0
0.0
30.26581645011902

0
0.0
30.46622610092163

0
0.0
30.666712760925293

0
0.0
30.867263317108154

0
0.0
31.067686796188354

1
0.0
31.26801609992981

1
0.1395191371637803
31.468353271484375

1
0.19318379395640298
31.668697357177734

1
0.2359918586432903
31.869231462478638

1
0.22534835863880004
32.0696439743042

1
0.15022884101877135
32.27014970779419

1
0.17170379929680468
32.47053384780884

1
0.2360958159775213
32.67092490196228

1
0.2253523828364007
32.87135028839111

1
0.22536016335931794
33.071744203567505

1
0.22530356561095802
33.272207736968994

1
0.32194117407359935
33.472607135772705

2
0.39704754566716827
33.67302465438843

2
0.6116838613145176
33.87342357635498

2
0.7511146973326162
34.07390832901001

2
0.8799191156906805
34.27432894706726

2
0.9335538269996893
34.47473430633545

2
0.9443506586495332
34.67513298988342

2
0.9602650921717368
34.876694679260254

2
1.2234580301065212
35.07704567909241

2
1.2556677493216293
35.277384996414185

2
1.148382636774325
35.477715730667114

2
1.1159537920869993
35.6781644821167

3
1.1589799477538227
35.87856674194336

3
1.319848819883794
36.07899022102356

3
1.523853076398402
36.27938151359558

3
1.5988659970912886
36.47982859611511

3
1.8028362330711147
36.68022656440735

4
1.8566335366918492
36.880581855773926

4
1.9639837928016672
37.080933570861816

4
2.3397344676988436
37.28125834465027

4
2.3927570669213085
37.48168063163757

4
2.4790975657852865
37.68202590942383

4
2.5318473184866392
37.88243389129639

4
2.597165291980509
38.082807302474976

5
2.436256488927838
38.28316044807434

5
1.95321210645867
38.48352861404419

5
2.9835346684666493
38.68386960029602

5
3.1015992770917435
38.884217977523804

5
3.251830402388599
39.08456873893738

5
3.1765770154974167
39.28498816490173

5
3.0261857884828496
39.4854302406311

5
3.305187955923921
39.685858964920044

5
3.5842101300342404
39.88628149032593

5
3.584278404686073
40.08670711517334

5
3.50893738724673
40.287129640579224

5
3.5734194026503707
40.48753237724304

5
3.5304576186745336
40.687931299209595

5
3.3911540734788446
40.888341426849365

5
3.7660212591524127
41.088778257369995

5
3.7553991375634346
41.289222717285156

5
3.530541680191462
41.48968029022217

5
3.627186621237697
41.69011664390564

5
3.7771822884719657
41.890547037124634

5
3.7774251203422176
42.09096908569336

5
3.7666220499520064
42.29138731956482

5
3.9165173115165084
42.491814374923706

5
4.120748909349205
42.69226384162903

5
3.8847568338214313
42.89273452758789

5
3.884766083804071
43.09312987327576

5
3.6576866373201207
43.29370713233948

5
4.356672694761175
43.49411725997925

5
3.8412322596816817
43.694567918777466

5
4.142127311590857
43.8950092792511

5
3.809455813297377
44.09546184539795

5
3.873845593743182
44.29587507247925

5
3.788192521663697
44.49632430076599

5
3.9276121836745586
44.696778297424316

5
3.7340286107911314
44.897207498550415

5
3.873246155654354
45.09766244888306

5
3.9704234617312393
45.29806995391846

5
3.874034685782512
45.498589754104614

5
3.8092018637855705
45.69908857345581

0
3.7450126854712806
45.89951515197754

0
2.854412542758134
46.099933385849

0
1.2446717586635494
46.30040001869202

0
0.09656441778403006
46.500824213027954

0
0.0
46.70123052597046

0
0.0
46.90171980857849

0
0.0
47.102144718170166

0
0.0
47.30258131027222

0
0.0
47.50306987762451

0
0.0
47.70348310470581

0
0.0
47.90391540527344

0
0.0
48.10438299179077

0
0.0
48.30479669570923

===================================================
0    0.0   0.2
0    0.0   0.4
0    0.0   0.6
0    0.0   0.8
0    0.0   1.0
0    0.0   1.2
0    0.0   1.4
0    0.0   1.6
0    0.0   1.8
0    0.0   2.0
0    0.0   2.2
0    0.0   2.4
0    0.0   2.6
0    0.0   2.8
0    0.0   3.0
0    0.0   3.2
0    0.0   3.4
0    0.0   3.6
0    0.0   3.8
0    0.0   4.0
0    0.0   4.2
0    0.0   4.4
0    0.0   4.6
0    0.0   4.8
0    0.0   5.0
0    0.0   5.2
0    0.0   5.4
0    0.0   5.6
0    0.0   5.8
0    0.0   6.0
0    0.0   6.2
0    0.0   6.4
0    0.0   6.6
0    0.0   6.8
0    0.0   7.0
0    0.0   7.2
0    0.0   7.4
0    0.0   7.6
0    0.0   7.8
0    0.0   8.0
0    0.0   8.2
0    0.0   8.4
0    0.0   8.6
0    0.0   8.8
0    0.0   9.0
0    0.0   9.2
0    0.0   9.4
0    0.0   9.6
0    0.0   9.8
0    0.0   10.0
0    0.0   10.2
0    0.0   10.4
0    0.0   10.6
0    0.0   10.8
0    0.0   11.0
0    0.0   11.2
0    0.0   11.4
0    0.0   11.6
0    0.0   11.8
0    0.0   12.0
0    0.0   12.2
0    0.0   12.4
0    0.0   12.6
0    0.0   12.8
0    0.0   13.0
0    0.0   13.2
0    0.0   13.4
0    0.0   13.6
0    0.0   13.8
0    0.0   14.0
0    0.0   14.2
0    0.0   14.4
0    0.0   14.6
0    0.0   14.8
0    0.0   15.0
0    0.0   15.2
0    0.0   15.4
0    0.0   15.6
0    0.0   15.8
0    0.0   16.0
0    0.0   16.2
0    0.0   16.4
0    0.0   16.6
0    0.0   16.8
0    0.0   17.0
0    0.0   17.2
0    0.0   17.4
0    0.0   17.6
0    0.0   17.8
0    0.0   18.0
0    0.0   18.2
0    0.0   18.4
0    0.0   18.6
0    0.0   18.8
0    0.0   19.0
0    0.0   19.2
0    0.0   19.4
0    0.0   19.6
0    0.0   19.8
0    0.0   20.0
0    0.0   20.2
0    0.0   20.4
0    0.0   20.6
0    0.0   20.8
0    0.0   21.0
0    0.0   21.2
0    0.0   21.4
0    0.0   21.6
0    0.0   21.8
0    0.0   22.0
0    0.0   22.2
0    0.0   22.4
0    0.0   22.6
0    0.0   22.8
0    0.0   23.0
0    0.0   23.2
0    0.0   23.4
0    0.0   23.6
0    0.0   23.8
0    0.0   24.0
0    0.0   24.2
0    0.0   24.4
0    0.0   24.6
0    0.0   24.8
0    0.0   25.0
0    0.0   25.2
0    0.0   25.4
0    0.0   25.6
0    0.0   25.8
0    0.0   26.0
0    0.0   26.2
0    0.0   26.4
0    0.0   26.6
0    0.0   26.8
0    0.0   27.0
0    0.0   27.2
0    0.0   27.4
0    0.0   27.6
0    0.0   27.8
0    0.0   28.0
0    0.0   28.2
0    0.0   28.4
0    0.0   28.6
0    0.0   28.8
0    0.0   29.0
0    0.0   29.2
0    0.0   29.4
0    0.0   29.6
0    0.0   29.8
0    0.0   30.0
0    0.0   30.2
0    0.0   30.4
0    0.0   30.6
0    0.0   30.8
0    0.0   31.0
0    0.0   31.2
0    0.0   31.4
0    0.0   31.6
0    0.0   31.8
0    0.0   32.0
0    0.0   32.2
0    0.0   32.4
0    0.0   32.6
0    0.0   32.8
0    0.0   33.0
0    0.0   33.2
0    0.0   33.4
0    0.0   33.6
0    0.0   33.8
0    0.0   34.0
0    0.0   34.2
0    0.0   34.4
0    0.0   34.6
0    0.0   34.8
0    0.0   35.0
0    0.0   35.2
0    0.0   35.4
0    0.0   35.6
0    0.0   35.8
0    0.0   36.0
0    0.0   36.2
0    0.0   36.4
0    0.0   36.6
0    0.0   36.8
0    0.0   37.0
0    0.0   37.2
0    0.0   37.4
0    0.0   37.6
0    0.0   37.8
0    0.0   38.0
0    0.0   38.2
0    0.0   38.4
0    0.0   38.6
0    0.0   38.8
0    0.0   39.0
0    0.0   39.2
0    0.0   39.4
0    0.0   39.6
0    0.0   39.8
0    0.0   40.0
0    0.0   40.2
0    0.0   40.4
0    0.0   40.6
0    0.0   40.8
0    0.0   41.0
0    0.0   41.2
0    0.0   41.4
0    0.0   41.6
0    0.0   41.8
0    0.0   42.0
0    0.0   42.2
0    0.0   42.4
0    0.0   42.6
0    0.0   42.8
0    0.0   43.0
0    0.0   43.2
0    0.0   43.4
0    0.0   43.6
0    0.0   43.8
0    0.0   44.0
0    0.0   44.2
0    0.0   44.4
0    0.0   44.6
0    0.0   44.8
0    0.0   45.0
0    0.0   45.2
0    0.0   45.4
0    0.0   45.6
0    0.0   45.8
0    0.0   46.0
0    0.0   46.2
0    0.0   46.4
0    0.0   46.6
0    0.0   46.8
0    0.0   47.0
0    0.0   47.2
0    0.0   47.4
0    0.0   47.6
0    0.0   47.8
0    0.0   48.0
0    0.0   48.2
0    0.0   48.4
0    0.0   48.6
0    0.0   48.8
0    0.0   49.0
0    0.0   49.2
0    0.0   49.4
0    0.0   49.6
0    0.0   49.8
0    0.0   50.0
0    0.0   50.2
0    0.0   50.4
0    0.0   50.6
0    0.0   50.8
0    0.0   51.0
0    0.0   51.2
0    0.0   51.4
0    0.0   51.6
0    0.0   51.8
0    0.0   52.0
0    0.0   52.2
0    0.0   52.4
0    0.0   52.6
0    0.0   52.8
0    0.0   53.0
0    0.0   53.2
0    0.0   53.4
0    0.0   53.6
0    0.0   53.8
0    0.0   54.0
0    0.0   54.2
0    0.0   54.4
5    0.0   54.6
5    0.84   54.8
5    1.76   55.0
5    2.35   55.2
5    2.79   55.4
5    2.95   55.6
5    3.25   55.8
5    3.27   56.0
5    3.2   56.2
5    3.31   56.4
5    3.37   56.6
5    3.25   56.8
5    3.49   57.0
5    3.62   57.2
10    3.57   57.4
10    4.83   57.6
10    6.19   57.8
10    7.07   58.0
10    7.59   58.2
10    7.95   58.4
10    8.16   58.6
10    8.27   58.8
10    8.42   59.0
10    8.52   59.2
10    8.47   59.4
10    8.49   59.6
10    8.64   59.8
10    8.65   60.0
10    8.6   60.2
10    8.62   60.4
10    8.65   60.6
10    8.66   60.8
10    8.77   61.0
10    8.65   61.2
10    8.7   61.4
10    8.68   61.6
15    8.31   61.8
15    11.05   62.0
15    12.95   62.2
15    13.21   62.4
15    13.42   62.6
15    13.25   62.8
15    13.3   63.0
15    13.38   63.2
15    13.27   63.4
15    13.04   63.6
15    13.5   63.8
15    13.23   64.0
15    13.04   64.2
15    12.5   64.4
15    12.61   64.6
15    12.86   64.8
15    13.26   65.0
15    12.82   65.2
15    12.71   65.4
15    13.39   65.6
15    13.2   65.8
15    13.23   66.0
15    13.4   66.2
15    13.28   66.4
15    13.36   66.6
15    13.39   66.8
15    13.4   67.0
15    12.7   67.2
15    13.28   67.4
15    13.47   67.6
5    13.04   67.8
5    12.48   68.0
5    10.33   68.2
5    8.85   68.4
5    7.6   68.6
5    6.62   68.8
5    4.91   69.0
5    5.01   69.2
5    4.82   69.4
5    4.79   69.6
5    4.57   69.8
5    4.24   70.0
5    4.26   70.2
5    3.69   70.4
10    3.83   70.6
10    5.07   70.8
10    6.42   71.0
10    6.84   71.2
10    7.31   71.4
10    7.72   71.6
10    7.84   71.8
10    8.03   72.0
10    8.4   72.2
10    8.55   72.4
10    8.55   72.6
10    8.58   72.8
10    8.41   73.0
10    8.44   73.2
10    8.55   73.4
10    8.53   73.6
15    8.06   73.8
15    10.99   74.0
15    12.54   74.2
15    11.97   74.4
15    12.28   74.6
15    13.25   74.8
15    13.3   75.0
15    13.37   75.2
15    12.96   75.4
15    12.78   75.6
15    13.3   75.8
15    12.75   76.0
15    12.55   76.2
15    13.05   76.4
15    13.37   76.6
15    13.2   76.8
15    13.22   77.0
15    13.25   77.2
15    12.59   77.4
15    11.68   77.6
15    12.18   77.8
15    12.9   78.0
15    12.68   78.2
15    13.3   78.4
15    13.27   78.6
15    13.12   78.8
15    13.04   79.0
15    12.85   79.2
15    13.25   79.4
15    13.37   79.6
15    13.0   79.8
15    12.78   80.0
15    13.12   80.2
15    12.86   80.4
15    13.42   80.6
15    12.77   80.8
15    12.49   81.0
15    11.18   81.2
15    13.3   81.4
15    13.62   81.6
15    13.49   81.8
15    13.26   82.0
15    13.28   82.2
0    11.67   82.4
0    12.27   82.6
0    9.96   82.8
0    7.86   83.0
0    5.53   83.2
0    3.51   83.4
0    2.29   83.6
0    0.77   83.8
0    0.0   84.0
0    0.0   84.2
0    0.0   84.4
0    0.0   84.6
0    0.0   84.8
===================================================
0    0.0   0.2
0    0.0   0.4
0    0.0   0.6
0    0.0   0.8
0    0.0   1.0
0    0.0   1.2
0    0.0   1.4
0    0.0   1.6
0    0.0   1.8
0    0.0   2.0
0    0.0   2.2
0    0.0   2.4
0    0.0   2.6
5    0.0   2.8
5    0.73   3.0
5    1.59   3.2
5    2.34   3.4
5    2.81   3.6
5    3.09   3.8
5    3.28   4.0
5    3.35   4.2
5    3.35   4.4
5    3.14   4.6
5    3.69   4.8
10    3.42   5.0
10    4.83   5.2
10    6.27   5.4
10    6.85   5.6
10    7.14   5.8
10    7.19   6.0
10    7.62   6.2
10    7.97   6.4
10    7.71   6.6
10    7.87   6.8
10    8.52   7.0
10    8.36   7.2
10    8.33   7.4
10    8.51   7.6
10    7.9   7.8
10    8.17   8.0
10    8.17   8.2
10    7.92   8.4
10    8.13   8.6
10    8.21   8.8
10    8.4   9.0
10    8.56   9.2
10    8.37   9.4
10    8.03   9.6
10    8.28   9.8
10    7.95   10.0
10    7.82   10.2
10    8.41   10.4
10    8.34   10.6
10    7.54   10.8
10    7.92   11.0
10    7.55   11.2
10    7.5   11.4
10    7.68   11.6
10    7.62   11.8
10    7.59   12.0
10    7.68   12.2
5    6.94   12.4
5    6.87   12.6
5    6.51   12.8
5    5.25   13.0
5    4.91   13.2
5    4.8   13.4
5    4.57   13.6
5    4.54   13.8
5    4.43   14.0
5    4.18   14.2
5    4.43   14.4
5    4.85   14.6
5    4.6   14.8
5    4.58   15.0
5    4.6   15.2
5    4.49   15.4
5    4.5   15.6
5    4.24   15.8
5    4.4   16.0
5    4.27   16.2
5    4.2   16.4
5    3.98   16.6
5    3.87   16.8
5    4.01   17.0
5    3.99   17.2
5    4.14   17.4
5    3.86   17.6
5    4.2   17.8
5    3.97   18.0
5    4.06   18.2
5    4.13   18.4
5    4.12   18.6
5    4.14   18.8
5    4.07   19.0
5    4.11   19.2
5    4.13   19.4
5    4.17   19.6
10    4.03   19.8
10    5.2   20.0
10    6.84   20.2
10    7.42   20.4
10    7.98   20.6
10    8.19   20.8
10    7.79   21.0
10    7.91   21.2
10    7.53   21.4
10    7.43   21.6
10    7.94   21.8
10    8.15   22.0
10    8.54   22.2
10    8.58   22.4
10    8.55   22.6
10    8.14   22.8
10    8.49   23.0
10    8.2   23.2
15    8.48   23.4
15    11.21   23.6
15    13.07   23.8
15    13.45   24.0
15    13.49   24.2
15    13.46   24.4
15    13.44   24.6
15    13.48   24.8
15    13.45   25.0
15    13.06   25.2
15    12.93   25.4
15    12.52   25.6
15    12.51   25.8
15    13.2   26.0
15    13.28   26.2
15    12.48   26.4
15    12.41   26.6
15    12.57   26.8
15    12.59   27.0
15    12.3   27.2
15    11.94   27.4
15    12.0   27.6
15    11.47   27.8
15    12.33   28.0
15    12.44   28.2
15    13.06   28.4
15    12.63   28.6
15    12.14   28.8
15    13.23   29.0
15    11.97   29.2
15    11.8   29.4
15    12.24   29.6
15    11.97   29.8
15    11.91   30.0
15    12.38   30.2
15    11.9   30.4
15    12.01   30.6
15    12.34   30.8
15    12.49   31.0
15    11.87   31.2
15    12.31   31.4
15    11.92   31.6
15    12.34   31.8
15    12.42   32.0
15    11.34   32.2
15    13.12   32.4
5    12.08   32.6
5    12.15   32.8
5    8.78   33.0
5    8.28   33.2
5    7.0   33.4
5    6.08   33.6
5    5.4   33.8
5    5.01   34.0
5    4.68   34.2
5    4.43   34.4
5    4.27   34.6
5    4.24   34.8
5    4.24   35.0
5    4.22   35.2
5    4.15   35.4
5    4.12   35.6
5    4.09   35.8
5    4.07   36.0
5    4.07   36.2
5    4.07   36.4
5    4.08   36.6
5    4.13   36.8
5    4.08   37.0
10    4.01   37.2
10    5.27   37.4
10    6.85   37.6
10    7.69   37.8
10    8.07   38.0
10    8.44   38.2
10    8.58   38.4
10    8.65   38.6
10    8.7   38.8
10    8.71   39.0
10    8.75   39.2
10    8.66   39.4
10    8.64   39.6
10    8.69   39.8
10    8.67   40.0
10    8.68   40.2
10    8.66   40.4
10    8.63   40.6
10    8.67   40.8
10    8.66   41.0
10    8.69   41.2
10    8.72   41.4
10    8.68   41.6
10    8.71   41.8
10    8.67   42.0
10    8.64   42.2
10    8.66   42.4
10    8.67   42.6
10    8.62   42.8
10    8.61   43.0
10    8.64   43.2
10    8.64   43.4
10    8.66   43.6
10    8.68   43.8
10    8.64   44.0
10    8.69   44.2
10    8.66   44.4
10    8.69   44.6
10    8.64   44.8
10    8.7   45.0
10    8.66   45.2
10    8.81   45.4
10    8.82   45.6
===================================================
0    0.0   0.2
0    0.0   0.4
0    0.0   0.6
0    0.0   0.8
0    0.0   1.0
0    0.0   1.2
0    0.0   1.4
0    0.0   1.6
0    0.0   1.8
0    0.0   2.0
0    0.0   2.2
0    0.0   2.4
0    0.0   2.6
0    0.0   2.8
0    0.0   3.0
5    0.0   3.2
5    0.74   3.4
5    1.95   3.6
5    2.63   3.8
5    3.09   4.0
5    3.13   4.2
5    3.09   4.4
5    3.56   4.6
5    3.33   4.8
5    3.35   5.0
5    3.52   5.2
5    3.27   5.4
5    3.53   5.6
5    3.52   5.8
5    3.5   6.0
5    3.55   6.2
5    3.66   6.4
5    3.49   6.6
5    3.44   6.8
5    4.67   7.0
5    4.87   7.2
5    4.37   7.4
5    4.42   7.6
5    4.62   7.8
5    4.24   8.0
5    4.02   8.2
10    3.58   8.4
10    5.08   8.6
10    7.0   8.8
10    7.28   9.0
10    6.88   9.2
10    8.1   9.4
10    7.49   9.6
10    7.88   9.8
10    8.07   10.0
10    7.6   10.2
10    8.11   10.4
10    7.4   10.6
10    8.1   10.8
10    8.38   11.0
10    8.15   11.2
10    7.63   11.4
10    8.29   11.6
10    7.51   11.8
10    8.22   12.0
15    8.06   12.2
15    10.03   12.4
15    11.85   12.6
15    11.99   12.8
15    12.16   13.0
15    11.62   13.2
15    12.35   13.4
15    11.99   13.6
15    12.23   13.8
15    12.16   14.0
15    12.12   14.2
15    12.34   14.4
15    12.98   14.6
15    11.57   14.8
15    12.15   15.0
15    12.48   15.2
15    11.54   15.4
15    12.33   15.6
15    13.26   15.8
===================================================
0    0.0   0.2
0    0.0   0.4
0    0.0   0.6
0    0.0   0.8
0    0.0   1.0
0    0.0   1.2
0    0.0   1.4
0    0.0   1.6
15.99    0.0   1.8
15.99    11.0   2.0
15.99    13.82   2.2
15.99    13.64   2.4
15.99    13.61   2.6
15.99    13.05   2.8
15.99    14.04   3.0
15.99    14.19   3.2
15.99    14.34   3.4
15.99    13.17   3.6
15.99    13.7   3.8
15.99    14.16   4.0
15.99    13.69   4.2
15.99    13.22   4.4
15.99    14.11   4.6
15.99    13.73   4.8
15.99    13.68   5.0
15.99    13.55   5.2
15.99    14.12   5.4
15.99    14.19   5.6
15.99    14.29   5.8
15.99    12.49   6.0
15.99    14.49   6.2
15.99    14.89   6.4
15.99    14.58   6.6
15.99    14.85   6.8
15.99    15.15   7.0
15.99    15.15   7.2
15.99    15.02   7.4
15.99    14.83   7.6
15.99    15.19   7.8
15.99    15.22   8.0
15.99    14.67   8.2
15.99    14.09   8.4
15.99    14.75   8.6
15.99    14.26   8.8
15.99    14.53   9.0
15.99    13.74   9.2
15.99    15.11   9.4
15.99    14.7   9.6
15.99    13.88   9.8
15.99    14.45   10.0
15.99    13.79   10.2
15.99    13.93   10.4
15.99    13.36   10.6
15.99    13.83   10.8
5    14.14   11.0
5    13.14   11.2
5    10.3   11.4
5    8.41   11.6
5    7.39   11.8
5    6.04   12.0
5    5.91   12.2
5    5.58   12.4
5    4.92   12.6
5    4.57   12.8
5    4.56   13.0
5    4.25   13.2
5    4.02   13.4
5    4.11   13.6
0    3.84   13.8
0    3.17   14.0
0    1.12   14.2
0    0.02   14.4
0    0.0   14.6
0    0.0   14.8
0    0.0   15.0
0    0.0   15.2
0    0.0   15.4
0    0.0   15.6
0    0.0   15.8
0    0.0   16.0
0    0.0   16.2
===================================================
0    0.0   0.2
0    0.0   0.4
0    0.0   0.6
0    0.0   0.8
0    0.0   1.0
0    0.0   1.2
0    0.0   1.4
0    0.0   1.6
0    0.0   1.8
0    0.0   2.0
0    0.0   2.2
0    0.0   2.4
0    0.0   2.6
0    0.0   2.8
0    0.0   3.0
0    0.0   3.2
5    0.0   3.4
5    0.77   3.6
5    1.84   3.8
5    2.54   4.0
10    2.94   4.2
10    4.52   4.4
10    5.86   4.6
10    7.14   4.8
15    7.16   5.0
15    10.23   5.2
15    12.68   5.4
15    12.19   5.6
15.99    11.84   5.8
15.99    13.99   6.0
15.99    13.17   6.2
15.99    13.33   6.4
15.99    14.36   6.6
15.99    13.18   6.8
15.99    12.63   7.0
15.99    14.13   7.2
15.99    13.17   7.4
0    11.64   7.6
0    13.06   7.8
0    9.21   8.0
0    6.74   8.2
0    4.75   8.4
0    2.98   8.6
0    1.15   8.8
0    0.0   9.0
0    0.0   9.2
0    0.0   9.4
0    0.0   9.6
0    0.0   9.8
0    0.0   10.0
0    0.0   10.2
0    0.0   10.4
0    0.0   10.6
0    0.0   10.8
0    0.0   11.0
0    0.0   11.2
0    0.0   11.4
0    0.0   11.6
0    0.0   11.8
0    0.0   12.0
0    0.0   12.2
0    0.0   12.4
0    0.0   12.6
0    0.0   12.8
0    0.0   13.0
0    0.0   13.2
0    0.0   13.4
0    0.0   13.6
0    0.0   13.8
0    0.0   14.0
0    0.0   14.2
0    0.0   14.4
0    0.0   14.6
0    0.0   14.8
0    0.0   15.0
0    0.0   15.2
0    0.0   15.4
0    0.0   15.6
0    0.0   15.8
0    0.0   16.0
0    0.0   16.2
0    0.0   16.4
===================================================
0    0.0   0.2
0    0.0   0.4
0    0.0   0.6
0    0.0   0.8
0    0.0   1.0
0    0.0   1.2
0    0.0   1.4
0    0.0   1.6
0    0.0   1.8
0    0.0   2.0
0    0.0   2.2
0    0.0   2.4
0    0.0   2.6
0    0.0   2.8
0    0.0   3.0
0    0.0   3.2
0    0.0   3.4
0    0.0   3.6
0    0.0   3.8
0    0.0   4.0
0    0.0   4.2
0    0.0   4.4
0    0.0   4.6
5    0.0   4.8
5    0.83   5.0
5    1.81   5.2
10    2.38   5.4
10    4.53   5.6
10    6.14   5.8
15    7.2   6.0
15    10.93   6.2
15.99    12.29   6.4
15.99    14.24   6.6
0    12.51   6.8
0    12.82   7.0
0    10.09   7.2
0    7.28   7.4
0    4.82   7.6
0    2.48   7.8
0    0.48   8.0
0    0.0   8.2
0    0.0   8.4
