0
0.0
0.200506925583

0
0.0
0.400911092758

0
0.0
0.601269960403

0
0.0
0.801706790924

0
0.0
1.00206065178

0
0.0
1.20241379738

0
0.0
1.40276288986

0
0.0
1.60312581062

5
0.0
1.80348968506

5
1.9319276503
2.00381350517

5
3.78847667534
2.20419359207

5
4.1425563682
2.40457653999

5
4.10933777136
2.60501050949

10
4.00296396517
2.8054163456

10
8.71473559403
3.00574851036

10
11.2697926665
3.20606660843

10
9.75626948494
3.40639662743

10
9.09086866048
3.60671877861

10
8.43582291102
3.80705666542

10
8.44688740944
4.00737786293

10
8.94039345694
4.20770382881

10
9.15523408138
4.40803384781

